BEIDOU G1               
1 36287U 10001A   18086.84693852 -.00000312  00000-0  00000+0 0  9992
2 36287   1.5049 357.0200 0001579 162.0301 111.0796  1.00274761 30050
BEIDOU G3               
1 36590U 10024A   18087.24930542 -.00000383  00000-0  00000+0 0  9997
2 36590   1.3317  11.7855 0011397 351.1364  23.0041  1.00270793 28673
BEIDOU IGSO 1           
1 36828U 10036A   18087.23036447 -.00000198  00000-0  10000-3 0  9993
2 36828  54.1554 190.7190 0065685 230.5040 323.8891  1.00293068 28108
BEIDOU G4               
1 37210U 10057A   18086.83727972 -.00000142  00000-0  00000+0 0  9991
2 37210   0.7705  45.1413 0005015 260.5166 340.8491  1.00269783 27171
BEIDOU IGSO 2           
1 37256U 10068A   18086.88141633 -.00000195  00000-0  10000-3 0  9995
2 37256  52.7408 307.9400 0058590 204.1589 106.5868  1.00249870 26687
BEIDOU IGSO 3           
1 37384U 11013A   18087.40709234 -.00000153  00000-0  10000-3 0  9998
2 37384  58.1965  69.9624 0033947 210.2532 171.8158  1.00286901 25575
BEIDOU IGSO 4           
1 37763U 11038A   18086.94026706 -.00000128  00000-0  10000-3 0  9992
2 37763  54.4616 193.1151 0050585 216.8393 206.9444  1.00255671 24530
BEIDOU IGSO 5           
1 37948U 11073A   18086.92154495 -.00000138  00000-0  10000-3 0  9992
2 37948  52.8186 307.4317 0049382 205.6745  99.7084  1.00269686 23283
BEIDOU G5               
1 38091U 12008A   18086.92944785  .00000028  00000-0  00000-0 0  9993
2 38091   2.1447  60.6280 0005128 253.4811 264.5083  1.00275631 22369
BEIDOU M3               
1 38250U 12018A   18086.72202020 -.00000061  00000-0  10000-3 0  9990
2 38250  56.4162  44.6563 0024444 236.0550 302.9058  1.86234496 40353
BEIDOU M4               
1 38251U 12018B   18087.50385900 -.00000070  00000-0  10000-3 0  9997
2 38251  56.3506  44.0467 0026457 230.0000 160.6452  1.86233814 40374
BEIDOU M6               
1 38775U 12050B   18086.67091885 -.00000016  00000-0  00000-0 0  9993
2 38775  54.8706 163.7183 0021655 238.2027 150.7451  1.86233140 37735
BEIDOU G6               
1 38953U 12059A   18086.86534584 -.00000201  00000-0  00000-0 0  9995
2 38953   1.6866  80.8735 0002199 231.2945 268.4698  1.00268400 19931
BEIDOU I1-S             
1 40549U 15019A   18086.77867374 -.00000178  00000-0  00000+0 0  9996
2 40549  54.1062 330.5286 0040020 186.2367  44.5626  1.00292324 10964
BEIDOU-3 M1             
1 40748U 15037A   18086.83619708 -.00000065  00000-0  00000-0 0  9996
2 40748  55.6239  43.8623 0009199 280.3949 292.6077  1.86231474 18181
BEIDOU-3 M2             
1 40749U 15037B   18087.12449135 -.00000068  00000-0  00000+0 0  9997
2 40749  55.6257  43.8396 0010645 292.3430 251.0153  1.86232579 18186
BEIDOU I2-S             
1 40938U 15053A   18086.53636339 -.00000117  00000-0  00000+0 0  9998
2 40938  53.8084 293.4617 0048420 173.3646   8.0544  1.00276317  9247
BEIDOU M3-S             
1 41315U 16006A   18086.82805784 -.00000015  00000-0  00000+0 0  9998
2 41315  55.0537 163.9894 0002799 313.6202  46.4038  1.86230563 14661
BEIDOU IGSO 6           
1 41434U 16021A   18086.84963481 -.00000110  00000-0  00000+0 0  9994
2 41434  55.9285  69.2835 0031607 191.1108 324.9836  1.00296194  7377
BEIDOU G7               
1 41586U 16037A   18087.08323288 -.00000277  00000-0  00000+0 0  9995
2 41586   0.8514 339.1301 0002537 313.4025  67.4190  1.00272981  6686
BEIDOU-3 M1             
1 43001U 17069A   18086.50949308 -.00000016  00000-0  00000-0 0  9990
2 43001  55.0265 163.5195 0010201 276.5380 137.3332  1.86231877  2667
BEIDOU-3 M2             
1 43002U 17069B   18087.41587701 -.00000009  00000-0  00000+0 0  9998
2 43002  55.0272 163.5241 0009604 295.7737  50.6663  1.86231606  2666
BEIDOU-3 M3             
1 43107U 18003A   18086.76589133 -.00000063  00000-0  00000+0 0  9991
2 43107  55.0356  45.4976 0005015 356.9054  78.9801  1.86232970  1427
BEIDOU-3 M4             
1 43108U 18003B   18086.60575859 -.00000061  00000-0  00000-0 0  9994
2 43108  55.0308  45.4989 0004015 250.8543 122.7025  1.86233031  1428
BEIDOU-3 M5             
1 43207U 18018A   18085.95920233 -.00000019  00000-0  00000+0 0  9999
2 43207  54.9864 163.7033 0007194 311.6856  48.2978  1.86231900   792
BEIDOU-3 M6             
1 43208U 18018B   18086.56298609 -.00000016  00000-0  00000+0 0  9990
2 43208  54.9865 163.6910 0008767 286.0832  73.8667  1.86232019   806
